970 , 193 , 187 , 
917 , 172 , 183 , 
919 , 171 , 176 , 
919 , 174 , 181 , 
906 , 171 , 178 , 
906 , 173 , 180 , 
905 , 180 , 177 , 
906 , 171 , 202 , 
911 , 174 , 180 , 
904 , 172 , 180 , 
904 , 171 , 179 , 
909 , 171 , 179 , 
907 , 175 , 178 , 
906 , 173 , 180 , 
908 , 175 , 197 , 
981 , 174 , 181 , 
924 , 178 , 187 , 
912 , 173 , 177 , 
918 , 176 , 182 , 
918 , 175 , 180 , 
934 , 172 , 178 , 
913 , 175 , 181 , 
911 , 173 , 182 , 
913 , 177 , 178 , 
907 , 175 , 188 , 
907 , 176 , 182 , 
910 , 173 , 185 , 
937 , 171 , 178 , 
931 , 176 , 179 , 
912 , 174 , 183 , 
910 , 177 , 182 , 
906 , 177 , 183 , 
905 , 173 , 184 , 
909 , 171 , 183 , 
915 , 174 , 181 , 
913 , 171 , 180 , 
908 , 177 , 182 , 
929 , 174 , 193 , 
984 , 171 , 181 , 
921 , 173 , 192 , 
928 , 175 , 184 , 
913 , 174 , 180 , 
921 , 178 , 180 , 
910 , 175 , 182 , 
916 , 173 , 179 , 
921 , 176 , 181 , 
910 , 183 , 174 , 
910 , 175 , 182 , 
966 , 202 , 187 , 
908 , 179 , 177 , 
920 , 175 , 181 , 
910 , 174 , 180 , 
903 , 174 , 181 , 
906 , 173 , 177 , 
906 , 180 , 214 , 
924 , 173 , 181 , 
903 , 172 , 181 , 
908 , 171 , 180 , 
921 , 174 , 183 , 
918 , 188 , 182 , 
905 , 174 , 181 , 
914 , 173 , 181 , 
969 , 171 , 180 , 
986 , 172 , 177 , 
917 , 180 , 179 , 
914 , 178 , 184 , 
912 , 173 , 181 , 
908 , 174 , 183 , 
905 , 172 , 181 , 
949 , 168 , 178 , 
904 , 172 , 180 , 
907 , 174 , 178 , 
906 , 174 , 181 , 
903 , 175 , 176 , 
902 , 172 , 180 , 
953 , 172 , 177 , 
906 , 172 , 178 , 
929 , 173 , 178 , 
928 , 172 , 181 , 
922 , 170 , 182 , 
906 , 173 , 179 , 
931 , 175 , 176 , 
902 , 174 , 180 , 
908 , 174 , 184 , 
926 , 173 , 179 , 
910 , 171 , 184 , 
906 , 173 , 180 , 
904 , 170 , 179 , 
923 , 174 , 176 , 
912 , 171 , 181 , 
901 , 173 , 176 , 
907 , 172 , 189 , 
928 , 172 , 182 , 
904 , 173 , 182 , 
908 , 172 , 181 , 
906 , 172 , 176 , 
904 , 175 , 177 , 
915 , 175 , 179 , 
905 , 174 , 183 , 
908 , 171 , 178 , 
1018 , 194 , 202 , 
926 , 176 , 184 , 
916 , 175 , 179 , 
938 , 174 , 180 , 
907 , 171 , 177 , 
913 , 174 , 179 , 
908 , 174 , 177 , 
908 , 170 , 182 , 
909 , 174 , 181 , 
912 , 173 , 179 , 
928 , 177 , 179 , 
1188 , 305 , 329 , 
1102 , 210 , 200 , 
1325 , 309 , 261 , 
1099 , 212 , 206 , 
1201 , 253 , 224 , 
997 , 212 , 196 , 
923 , 173 , 176 , 
1028 , 243 , 195 , 
1209 , 241 , 253 , 
1082 , 192 , 204 , 
1121 , 236 , 194 , 
1000 , 223 , 246 , 
1109 , 217 , 288 , 
1308 , 218 , 227 , 
1248 , 216 , 198 , 
1001 , 209 , 231 , 
1118 , 257 , 202 , 
1344 , 215 , 233 , 
1042 , 203 , 199 , 
998 , 209 , 206 , 
928 , 180 , 183 , 
923 , 176 , 181 , 
920 , 175 , 183 , 
929 , 181 , 194 , 
922 , 176 , 179 , 
909 , 176 , 209 , 
1187 , 172 , 181 , 
910 , 173 , 179 , 
922 , 177 , 179 , 
935 , 198 , 198 , 
1098 , 243 , 228 , 
1084 , 317 , 221 , 
1015 , 177 , 189 , 
1220 , 223 , 253 , 
1282 , 221 , 208 , 
1051 , 204 , 193 , 
987 , 187 , 184 , 
952 , 183 , 211 , 
1013 , 210 , 240 , 
1025 , 224 , 190 , 
1076 , 205 , 208 , 
947 , 189 , 191 , 
924 , 177 , 178 , 
909 , 174 , 194 , 
916 , 176 , 183 , 
907 , 176 , 188 , 
922 , 173 , 178 , 
919 , 174 , 188 , 
918 , 175 , 181 , 
913 , 175 , 185 , 
909 , 172 , 182 , 
912 , 238 , 180 , 
970 , 309 , 214 , 
949 , 177 , 183 , 
922 , 186 , 189 , 
937 , 179 , 181 , 
928 , 178 , 183 , 
909 , 177 , 187 , 
964 , 178 , 185 , 
1267 , 189 , 187 , 
1008 , 177 , 180 , 
925 , 175 , 183 , 
908 , 178 , 179 , 
928 , 178 , 181 , 
908 , 175 , 180 , 
912 , 174 , 179 , 
914 , 177 , 180 , 
907 , 172 , 182 , 
914 , 179 , 187 , 
951 , 174 , 182 , 
908 , 175 , 178 , 
915 , 176 , 182 , 
909 , 176 , 183 , 
910 , 177 , 187 , 
927 , 173 , 183 , 
918 , 177 , 182 , 
917 , 172 , 181 , 
911 , 175 , 179 , 
914 , 173 , 182 , 
913 , 176 , 179 , 
912 , 181 , 187 , 
909 , 172 , 179 , 
904 , 174 , 185 , 
906 , 175 , 182 , 
909 , 171 , 174 , 
919 , 174 , 178 , 
907 , 174 , 176 , 
906 , 175 , 184 , 
914 , 176 , 181 , 
1159 , 209 , 235 , 
968 , 176 , 185 , 
936 , 179 , 180 , 
984 , 186 , 231 , 
1068 , 196 , 211 , 
1079 , 185 , 298 , 
1161 , 222 , 243 , 
1046 , 218 , 232 , 
1331 , 334 , 324 , 
1253 , 184 , 208 , 
1093 , 195 , 195 , 
995 , 209 , 197 , 
1105 , 178 , 185 , 
917 , 176 , 181 , 
981 , 177 , 209 , 
1104 , 188 , 190 , 
1167 , 254 , 219 , 
1144 , 176 , 189 , 
968 , 183 , 189 , 
932 , 175 , 182 , 
920 , 170 , 184 , 
916 , 174 , 178 , 
910 , 172 , 182 , 
917 , 171 , 180 , 
945 , 181 , 183 , 
916 , 179 , 186 , 
920 , 178 , 189 , 
925 , 171 , 181 , 
917 , 170 , 180 , 
922 , 176 , 182 , 
916 , 174 , 184 , 
946 , 176 , 181 , 
912 , 174 , 189 , 
921 , 185 , 188 , 
942 , 177 , 188 , 
936 , 173 , 187 , 
941 , 184 , 180 , 
909 , 171 , 180 , 
937 , 170 , 175 , 
903 , 171 , 177 , 
905 , 175 , 180 , 
904 , 173 , 180 , 
905 , 174 , 180 , 
922 , 175 , 181 , 
912 , 174 , 205 , 
911 , 170 , 180 , 
912 , 182 , 177 , 
910 , 178 , 181 , 
925 , 178 , 192 , 
903 , 174 , 177 , 
906 , 174 , 180 , 
903 , 174 , 183 , 
921 , 175 , 182 , 
937 , 177 , 177 , 
923 , 173 , 180 , 
908 , 172 , 181 , 
907 , 174 , 189 , 
906 , 172 , 180 , 
904 , 169 , 182 , 
914 , 174 , 181 , 
923 , 173 , 185 , 
923 , 176 , 188 , 
919 , 170 , 179 , 
906 , 172 , 185 , 
911 , 173 , 180 , 
912 , 177 , 187 , 
957 , 176 , 177 , 
931 , 177 , 186 , 
948 , 171 , 186 , 
928 , 170 , 178 , 
923 , 178 , 185 , 
934 , 176 , 183 , 
921 , 179 , 182 , 
916 , 178 , 178 , 
914 , 174 , 179 , 
910 , 173 , 180 , 
937 , 175 , 183 , 
924 , 177 , 184 , 
928 , 173 , 182 , 
1095 , 177 , 187 , 
919 , 174 , 180 , 
931 , 174 , 187 , 
938 , 178 , 183 , 
919 , 172 , 195 , 
932 , 180 , 193 , 
1030 , 179 , 182 , 
915 , 176 , 183 , 
923 , 175 , 182 , 
929 , 173 , 176 , 
949 , 173 , 187 , 
912 , 173 , 178 , 
908 , 173 , 179 , 
905 , 173 , 180 , 
908 , 173 , 184 , 
918 , 173 , 182 , 
946 , 174 , 178 , 
925 , 179 , 182 , 
947 , 177 , 181 , 
921 , 174 , 181 , 
907 , 171 , 179 , 
